1.95000 0.31809 0
1.95100 0.31688 0
1.95200 0.31568 0
1.95300 0.31448 0
1.95400 0.31329 0
1.95500 0.31211 0
1.95600 0.31094 0
1.95700 0.30977 0
1.95800 0.30861 0
1.95900 0.30746 0
1.96000 0.30631 0
1.96100 0.30517 0
1.96200 0.30404 0
1.96300 0.30292 0
1.96400 0.30180 0
1.96500 0.30068 0
1.96600 0.29958 0
1.96700 0.29848 0
1.96800 0.29739 0
1.96900 0.29630 0
1.97000 0.29523 0
1.97100 0.29415 0
1.97200 0.29309 0
1.97300 0.29203 0
1.97400 0.29098 0
1.97500 0.28993 0
1.97600 0.28889 0
1.97700 0.28786 0
1.97800 0.28683 0
1.97900 0.28581 0
1.98000 0.28479 0
1.98100 0.28378 0
1.98200 0.28278 0
1.98300 0.28179 0
1.98400 0.28080 0
1.98500 0.27981 0
1.98600 0.27883 0
1.98700 0.27786 0
1.98800 0.27689 0
1.98900 0.27593 0
1.99000 0.27498 0
1.99100 0.27403 0
1.99200 0.27309 0
1.99300 0.27215 0
1.99400 0.27122 0
1.99500 0.27029 0
1.99600 0.26937 0
1.99700 0.26846 0
1.99800 0.26755 0
1.99900 0.26665 0
2.00000 0.26575 0
2.00100 0.26486 0
2.00200 0.26397 0
2.00300 0.26309 0
2.00400 0.26221 0
2.00500 0.26134 0
2.00600 0.26048 0
2.00700 0.25962 0
2.00800 0.25877 0
2.00900 0.25792 0
2.01000 0.25707 0
2.01100 0.25624 0
2.01200 0.25540 0
2.01300 0.25458 0
2.01400 0.25375 0
2.01500 0.25294 0
2.01600 0.25213 0
2.01700 0.25132 0
2.01800 0.25052 0
2.01900 0.24972 0
2.02000 0.24893 0
2.02100 0.24815 0
2.02200 0.24736 0
2.02300 0.24659 0
2.02400 0.24582 0
2.02500 0.24505 0
2.02600 0.24429 0
2.02700 0.24354 0
2.02800 0.24279 0
2.02900 0.24204 0
2.03000 0.24130 0
2.03100 0.24057 0
2.03200 0.23983 0
2.03300 0.23911 0
2.03400 0.23839 0
2.03500 0.23767 0
2.03600 0.23696 0
2.03700 0.23625 0
2.03800 0.23555 0
2.03900 0.23486 0
2.04000 0.23417 0
2.04100 0.23348 0
2.04200 0.23280 0
2.04300 0.23212 0
2.04400 0.23145 0
2.04500 0.23078 0
2.04600 0.23012 0
2.04700 0.22946 0
2.04800 0.22881 0
2.04900 0.22816 0
2.05000 0.22751 0
2.05100 0.22688 0
2.05200 0.22624 0
2.05300 0.22561 0
2.05400 0.22499 0
2.05500 0.22437 0
2.05600 0.22375 0
2.05700 0.22314 0
2.05800 0.22254 0
2.05900 0.22194 0
2.06000 0.22134 0
2.06100 0.22075 0
2.06200 0.22016 0
2.06300 0.21958 0
2.06400 0.21901 0
2.06500 0.21843 0
2.06600 0.21787 0
2.06700 0.21731 0
2.06800 0.21675 0
2.06900 0.21619 0
2.07000 0.21565 0
2.07100 0.21510 0
2.07200 0.21457 0
2.07300 0.21403 0
2.07400 0.21350 0
2.07500 0.21298 0
2.07600 0.21246 0
2.07700 0.21195 0
2.07800 0.21144 0
2.07900 0.21093 0
2.08000 0.21043 0
2.08100 0.20994 0
2.08200 0.20945 0
2.08300 0.20897 0
2.08400 0.20849 0
2.08500 0.20801 0
2.08600 0.20754 0
2.08700 0.20708 0
2.08800 0.20662 0
2.08900 0.20617 0
2.09000 0.20572 0
2.09100 0.20528 0
2.09200 0.20484 0
2.09300 0.20441 0
2.09400 0.20398 0
2.09500 0.20356 0
2.09600 0.20314 0
2.09700 0.20273 0
2.09800 0.20232 0
2.09900 0.20192 0
2.10000 0.20153 0
2.10100 0.20114 0
2.10200 0.20075 0
2.10300 0.20037 0
2.10400 0.20000 0
2.10500 0.19963 0
2.10600 0.19927 0
2.10700 0.19892 0
2.10800 0.19857 0
2.10900 0.19823 0
2.11000 0.19789 0
2.11100 0.19756 0
2.11200 0.19723 0
2.11300 0.19691 0
2.11400 0.19660 0
2.11500 0.19629 0
2.11600 0.19599 0
2.11700 0.19570 0
2.11800 0.19541 0
2.11900 0.19513 0
2.12000 0.19486 0
2.12100 0.19459 0
2.12200 0.19433 0
2.12300 0.19408 0
2.12400 0.19383 0
2.12500 0.19359 0
2.12600 0.19336 0
2.12700 0.19314 0
2.12800 0.19292 0
2.12900 0.19271 0
2.13000 0.19251 0
2.13100 0.19231 0
2.13200 0.19212 0
2.13300 0.19194 0
2.13400 0.19177 0
2.13500 0.19161 0
2.13600 0.19146 0
2.13700 0.19131 0
2.13800 0.19117 0
2.13900 0.19104 0
2.14000 0.19092 0
2.14100 0.19081 0
2.14200 0.19070 0
2.14300 0.19061 0
2.14400 0.19052 0
2.14500 0.19045 0
2.14600 0.19038 0
2.14700 0.19032 0
2.14800 0.19028 0
2.14900 0.19024 0
2.15000 0.19021 0
2.15100 0.19019 0
2.15200 0.19018 0
2.15300 0.19019 0
2.15400 0.19020 0
2.15500 0.19022 0
2.15600 0.19025 0
2.15700 0.19030 0
2.15800 0.19035 0
2.15900 0.19042 0
2.16000 0.19049 0
2.16100 0.19058 0
2.16200 0.19068 0
2.16300 0.19079 0
2.16400 0.19091 0
2.16500 0.19104 0
2.16600 0.19118 0
2.16700 0.19133 0
2.16800 0.19150 0
2.16900 0.19167 0
2.17000 0.19186 0
2.17100 0.19205 0
2.17200 0.19226 0
2.17300 0.19247 0
2.17400 0.19269 0
2.17500 0.19293 0
2.17600 0.19317 0
2.17700 0.19342 0
2.17800 0.19368 0
2.17900 0.19394 0
2.18000 0.19422 0
2.18100 0.19449 0
2.18200 0.19477 0
2.18300 0.19506 0
2.18400 0.19535 0
2.18500 0.19563 0
2.18600 0.19592 0
2.18700 0.19621 0
2.18800 0.19649 0
2.18900 0.19677 0
2.19000 0.19704 0
2.19100 0.19730 0
2.19200 0.19754 0
2.19300 0.19777 0
2.19400 0.19799 0
2.19500 0.19818 0
2.19600 0.19835 0
2.19700 0.19849 0
2.19800 0.19860 0
2.19900 0.19868 0
2.20000 0.19872 0
2.20100 0.19871 0
2.20200 0.19865 0
2.20300 0.19855 0
2.20400 0.19838 0
2.20500 0.19816 0
2.20600 0.19786 0
2.20700 0.19750 0
2.20800 0.19706 0
2.20900 0.19654 0
2.21000 0.19593 0
2.21100 0.19524 0
2.21200 0.19445 0
2.21300 0.19357 0
2.21400 0.19259 0
2.21500 0.19150 0
2.21600 0.19032 0
2.21700 0.18903 0
2.21800 0.18763 0
2.21900 0.18613 0
2.22000 0.18454 0
2.22100 0.18284 0
2.22200 0.18104 0
2.22300 0.17916 0
2.22400 0.17718 0
2.22500 0.17513 0
2.22600 0.17300 0
2.22700 0.17080 0
2.22800 0.16854 0
2.22900 0.16623 0
2.23000 0.16388 0
2.23100 0.16149 0
2.23200 0.15907 0
2.23300 0.15664 0
2.23400 0.15420 0
2.23500 0.15175 0
2.23600 0.14932 0
2.23700 0.14690 0
2.23800 0.14450 0
2.23900 0.14213 0
2.24000 0.13979 0
2.24100 0.13749 0
2.24200 0.13524 0
2.24300 0.13304 0
2.24400 0.13089 0
2.24500 0.12879 0
2.24600 0.12675 0
2.24700 0.12477 0
2.24800 0.12286 0
2.24900 0.12100 0
2.25000 0.11921 0
2.25100 0.11748 0
2.25200 0.11581 0
2.25300 0.11420 0
2.25400 0.11265 0
2.25500 0.11116 0
2.25600 0.10973 0
2.25700 0.10836 0
2.25800 0.10704 0
2.25900 0.10578 0
2.26000 0.10457 0
2.26100 0.10341 0
2.26200 0.10229 0
2.26300 0.10123 0
2.26400 0.10020 0
2.26500 0.09923 0
2.26600 0.09829 0
2.26700 0.09739 0
2.26800 0.09653 0
2.26900 0.09570 0
2.27000 0.09491 0
2.27100 0.09415 0
2.27200 0.09342 0
2.27300 0.09273 0
2.27400 0.09206 0
2.27500 0.09141 0
2.27600 0.09079 0
2.27700 0.09020 0
2.27800 0.08963 0
2.27900 0.08908 0
2.28000 0.08855 0
2.28100 0.08804 0
2.28200 0.08755 0
2.28300 0.08708 0
2.28400 0.08662 0
2.28500 0.08618 0
2.28600 0.08575 0
2.28700 0.08534 0
2.28800 0.08494 0
2.28900 0.08455 0
2.29000 0.08418 0
2.29100 0.08381 0
2.29200 0.08346 0
2.29300 0.08312 0
2.29400 0.08279 0
2.29500 0.08246 0
2.29600 0.08215 0
2.29700 0.08184 0
2.29800 0.08155 0
2.29900 0.08125 0
2.30000 0.08097 0
2.30100 0.08069 0
2.30200 0.08042 0
2.30300 0.08016 0
2.30400 0.07990 0
2.30500 0.07964 0
2.30600 0.07940 0
2.30700 0.07915 0
2.30800 0.07891 0
2.30900 0.07868 0
2.31000 0.07845 0
2.31100 0.07822 0
2.31200 0.07800 0
2.31300 0.07778 0
2.31400 0.07756 0
2.31500 0.07735 0
2.31600 0.07714 0
2.31700 0.07693 0
2.31800 0.07673 0
2.31900 0.07653 0
2.32000 0.07633 0
2.32100 0.07613 0
2.32200 0.07594 0
2.32300 0.07575 0
2.32400 0.07556 0
2.32500 0.07537 0
2.32600 0.07519 0
2.32700 0.07500 0
2.32800 0.07482 0
2.32900 0.07464 0
2.33000 0.07446 0
2.33100 0.07428 0
2.33200 0.07411 0
2.33300 0.07393 0
2.33400 0.07376 0
2.33500 0.07359 0
2.33600 0.07342 0
2.33700 0.07325 0
2.33800 0.07308 0
2.33900 0.07292 0
2.34000 0.07275 0
2.34100 0.07259 0
2.34200 0.07242 0
2.34300 0.07226 0
2.34400 0.07210 0
2.34500 0.07194 0
2.34600 0.07178 0
2.34700 0.07162 0
2.34800 0.07146 0
2.34900 0.07130 0
2.35000 0.07114 0
2.35100 0.07099 0
2.35200 0.07083 0
2.35300 0.07068 0
2.35400 0.07052 0
2.35500 0.07037 0
2.35600 0.07021 0
2.35700 0.07006 0
2.35800 0.06991 0
2.35900 0.06976 0
2.36000 0.06961 0
2.36100 0.06946 0
2.36200 0.06931 0
2.36300 0.06916 0
2.36400 0.06901 0
2.36500 0.06886 0
2.36600 0.06871 0
2.36700 0.06856 0
2.36800 0.06842 0
2.36900 0.06827 0
2.37000 0.06812 0
2.37100 0.06798 0
2.37200 0.06783 0
2.37300 0.06769 0
2.37400 0.06754 0
2.37500 0.06740 0
2.37600 0.06726 0
2.37700 0.06711 0
2.37800 0.06697 0
2.37900 0.06683 0
2.38000 0.06668 0
2.38100 0.06654 0
2.38200 0.06640 0
2.38300 0.06626 0
2.38400 0.06612 0
2.38500 0.06598 0
2.38600 0.06584 0
2.38700 0.06570 0
2.38800 0.06556 0
2.38900 0.06542 0
2.39000 0.06528 0
2.39100 0.06514 0
2.39200 0.06500 0
2.39300 0.06487 0
2.39400 0.06473 0
2.39500 0.06459 0
2.39600 0.06445 0
2.39700 0.06432 0
2.39800 0.06418 0
2.39900 0.06404 0
2.40000 0.06391 0
2.40100 0.06377 0
2.40200 0.06364 0
2.40300 0.06350 0
2.40400 0.06337 0
2.40500 0.06323 0
2.40600 0.06310 0
2.40700 0.06297 0
2.40800 0.06283 0
2.40900 0.06270 0
2.41000 0.06257 0
2.41100 0.06243 0
2.41200 0.06230 0
2.41300 0.06217 0
2.41400 0.06204 0
2.41500 0.06191 0
2.41600 0.06178 0
2.41700 0.06165 0
2.41800 0.06151 0
2.41900 0.06138 0
2.42000 0.06125 0
2.42100 0.06112 0
2.42200 0.06100 0
2.42300 0.06087 0
2.42400 0.06074 0
2.42500 0.06061 0
2.42600 0.06048 0
2.42700 0.06035 0
2.42800 0.06022 0
2.42900 0.06010 0
2.43000 0.05997 0
2.43100 0.05984 0
2.43200 0.05972 0
2.43300 0.05959 0
2.43400 0.05946 0
2.43500 0.05934 0
2.43600 0.05921 0
2.43700 0.05909 0
2.43800 0.05896 0
2.43900 0.05884 0
2.44000 0.05871 0
2.44100 0.05859 0
2.44200 0.05846 0
2.44300 0.05834 0
2.44400 0.05822 0
2.44500 0.05809 0
2.44600 0.05797 0
2.44700 0.05785 0
2.44800 0.05773 0
2.44900 0.05760 0
2.45000 0.05748 0
2.45100 0.05736 0
2.45200 0.05724 0
2.45300 0.05712 0
2.45400 0.05700 0
2.45500 0.05688 0
2.45600 0.05676 0
2.45700 0.05664 0
2.45800 0.05652 0
2.45900 0.05640 0
2.46000 0.05628 0
2.46100 0.05616 0
2.46200 0.05604 0
2.46300 0.05592 0
2.46400 0.05581 0
2.46500 0.05569 0
2.46600 0.05557 0
2.46700 0.05545 0
2.46800 0.05534 0
2.46900 0.05522 0
2.47000 0.05510 0
2.47100 0.05499 0
2.47200 0.05487 0
2.47300 0.05475 0
2.47400 0.05464 0
2.47500 0.05452 0
2.47600 0.05441 0
2.47700 0.05430 0
2.47800 0.05418 0
2.47900 0.05407 0
2.48000 0.05395 0
2.48100 0.05384 0
2.48200 0.05373 0
2.48300 0.05361 0
2.48400 0.05350 0
2.48500 0.05339 0
2.48600 0.05328 0
2.48700 0.05316 0
2.48800 0.05305 0
2.48900 0.05294 0
2.49000 0.05283 0
2.49100 0.05272 0
2.49200 0.05261 0
2.49300 0.05250 0
2.49400 0.05239 0
2.49500 0.05228 0
2.49600 0.05217 0
2.49700 0.05206 0
2.49800 0.05195 0
2.49900 0.05184 0
2.50000 0.05173 0
2.50100 0.05162 0
2.50200 0.05152 0
2.50300 0.05141 0
2.50400 0.05130 0
2.50500 0.05119 0
2.50600 0.05109 0
2.50700 0.05098 0
2.50800 0.05087 0
2.50900 0.05077 0
2.51000 0.05066 0
2.51100 0.05055 0
2.51200 0.05045 0
2.51300 0.05034 0
2.51400 0.05024 0
2.51500 0.05013 0
2.51600 0.05003 0
2.51700 0.04992 0
2.51800 0.04982 0
2.51900 0.04972 0
2.52000 0.04961 0
2.52100 0.04951 0
2.52200 0.04941 0
2.52300 0.04930 0
2.52400 0.04920 0
2.52500 0.04910 0
2.52600 0.04900 0
2.52700 0.04889 0
2.52800 0.04879 0
2.52900 0.04869 0
2.53000 0.04859 0
2.53100 0.04849 0
2.53200 0.04839 0
2.53300 0.04829 0
2.53400 0.04819 0
2.53500 0.04809 0
2.53600 0.04799 0
2.53700 0.04789 0
2.53800 0.04779 0
2.53900 0.04769 0
2.54000 0.04759 0
2.54100 0.04749 0
2.54200 0.04740 0
2.54300 0.04730 0
2.54400 0.04720 0
2.54500 0.04710 0
2.54600 0.04701 0
2.54700 0.04691 0
2.54800 0.04681 0
2.54900 0.04672 0
2.55000 0.04662 0
2.55100 0.04652 0
2.55200 0.04643 0
2.55300 0.04633 0
2.55400 0.04624 0
2.55500 0.04614 0
2.55600 0.04605 0
2.55700 0.04595 0
2.55800 0.04586 0
2.55900 0.04576 0
2.56000 0.04567 0
2.56100 0.04558 0
2.56200 0.04548 0
2.56300 0.04539 0
2.56400 0.04530 0
2.56500 0.04520 0
2.56600 0.04511 0
2.56700 0.04502 0
2.56800 0.04493 0
2.56900 0.04483 0
2.57000 0.04474 0
2.57100 0.04465 0
2.57200 0.04456 0
2.57300 0.04447 0
2.57400 0.04438 0
2.57500 0.04429 0
2.57600 0.04420 0
2.57700 0.04411 0
2.57800 0.04402 0
2.57900 0.04393 0
2.58000 0.04384 0
2.58100 0.04375 0
2.58200 0.04366 0
2.58300 0.04357 0
2.58400 0.04348 0
2.58500 0.04339 0
2.58600 0.04330 0
2.58700 0.04322 0
2.58800 0.04313 0
2.58900 0.04304 0
2.59000 0.04295 0
2.59100 0.04287 0
2.59200 0.04278 0
2.59300 0.04269 0
2.59400 0.04261 0
2.59500 0.04252 0
2.59600 0.04243 0
2.59700 0.04235 0
2.59800 0.04226 0
2.59900 0.04218 0
2.60000 0.04209 0
2.60100 0.04201 0
2.60200 0.04192 0
2.60300 0.04184 0
2.60400 0.04175 0
2.60500 0.04167 0
2.60600 0.04159 0
2.60700 0.04150 0
2.60800 0.04142 0
2.60900 0.04134 0
2.61000 0.04125 0
2.61100 0.04117 0
2.61200 0.04109 0
2.61300 0.04100 0
2.61400 0.04092 0
2.61500 0.04084 0
2.61600 0.04076 0
2.61700 0.04068 0
2.61800 0.04060 0
2.61900 0.04051 0
2.62000 0.04043 0
2.62100 0.04035 0
2.62200 0.04027 0
2.62300 0.04019 0
2.62400 0.04011 0
2.62500 0.04003 0
2.62600 0.03995 0
2.62700 0.03987 0
2.62800 0.03979 0
2.62900 0.03971 0
2.63000 0.03963 0
2.63100 0.03955 0
2.63200 0.03948 0
2.63300 0.03940 0
2.63400 0.03932 0
2.63500 0.03924 0
2.63600 0.03916 0
2.63700 0.03908 0
2.63800 0.03901 0
2.63900 0.03893 0
2.64000 0.03885 0
2.64100 0.03878 0
2.64200 0.03870 0
2.64300 0.03862 0
2.64400 0.03855 0
2.64500 0.03847 0
2.64600 0.03839 0
2.64700 0.03832 0
2.64800 0.03824 0
2.64900 0.03817 0
2.65000 0.03809 0
2.65100 0.03802 0
2.65200 0.03794 0
2.65300 0.03787 0
2.65400 0.03779 0
2.65500 0.03772 0
2.65600 0.03764 0
2.65700 0.03757 0
2.65800 0.03749 0
2.65900 0.03742 0
2.66000 0.03735 0
2.66100 0.03727 0
2.66200 0.03720 0
2.66300 0.03713 0
2.66400 0.03706 0
2.66500 0.03698 0
2.66600 0.03691 0
2.66700 0.03684 0
2.66800 0.03677 0
2.66900 0.03669 0
2.67000 0.03662 0
2.67100 0.03655 0
2.67200 0.03648 0
2.67300 0.03641 0
2.67400 0.03634 0
2.67500 0.03627 0
2.67600 0.03620 0
2.67700 0.03613 0
2.67800 0.03606 0
2.67900 0.03599 0
2.68000 0.03592 0
2.68100 0.03585 0
2.68200 0.03578 0
2.68300 0.03571 0
2.68400 0.03564 0
2.68500 0.03557 0
2.68600 0.03550 0
2.68700 0.03543 0
2.68800 0.03536 0
2.68900 0.03529 0
2.69000 0.03522 0
2.69100 0.03516 0
2.69200 0.03509 0
2.69300 0.03502 0
2.69400 0.03495 0
2.69500 0.03489 0
2.69600 0.03482 0
2.69700 0.03475 0
2.69800 0.03468 0
2.69900 0.03462 0
2.70000 0.03455 0
2.70100 0.03448 0
2.70200 0.03442 0
2.70300 0.03435 0
2.70400 0.03429 0
2.70500 0.03422 0
2.70600 0.03415 0
2.70700 0.03409 0
2.70800 0.03402 0
2.70900 0.03396 0
2.71000 0.03389 0
2.71100 0.03383 0
2.71200 0.03376 0
2.71300 0.03370 0
2.71400 0.03363 0
2.71500 0.03357 0
2.71600 0.03351 0
2.71700 0.03344 0
2.71800 0.03338 0
2.71900 0.03331 0
2.72000 0.03325 0
2.72100 0.03319 0
2.72200 0.03312 0
2.72300 0.03306 0
2.72400 0.03300 0
2.72500 0.03294 0
2.72600 0.03287 0
2.72700 0.03281 0
2.72800 0.03275 0
2.72900 0.03269 0
2.73000 0.03262 0
2.73100 0.03256 0
2.73200 0.03250 0
2.73300 0.03244 0
2.73400 0.03238 0
2.73500 0.03232 0
2.73600 0.03225 0
2.73700 0.03219 0
2.73800 0.03213 0
2.73900 0.03207 0
2.74000 0.03201 0
2.74100 0.03195 0
2.74200 0.03189 0
2.74300 0.03183 0
2.74400 0.03177 0
2.74500 0.03171 0
2.74600 0.03165 0
2.74700 0.03159 0
2.74800 0.03153 0
2.74900 0.03147 0
2.75000 0.03141 0
2.75100 0.03136 0
2.75200 0.03130 0
2.75300 0.03124 0
2.75400 0.03118 0
2.75500 0.03112 0
2.75600 0.03106 0
2.75700 0.03100 0
2.75800 0.03095 0
2.75900 0.03089 0
2.76000 0.03083 0
2.76100 0.03077 0
2.76200 0.03072 0
2.76300 0.03066 0
2.76400 0.03060 0
2.76500 0.03054 0
2.76600 0.03049 0
2.76700 0.03043 0
2.76800 0.03037 0
2.76900 0.03032 0
2.77000 0.03026 0
2.77100 0.03021 0
2.77200 0.03015 0
2.77300 0.03009 0
2.77400 0.03004 0
2.77500 0.02998 0
2.77600 0.02993 0
2.77700 0.02987 0
2.77800 0.02982 0
2.77900 0.02976 0
2.78000 0.02970 0
2.78100 0.02965 0
2.78200 0.02960 0
2.78300 0.02954 0
2.78400 0.02949 0
2.78500 0.02943 0
2.78600 0.02938 0
2.78700 0.02932 0
2.78800 0.02927 0
2.78900 0.02922 0
2.79000 0.02916 0
2.79100 0.02911 0
2.79200 0.02905 0
2.79300 0.02900 0
2.79400 0.02895 0
2.79500 0.02889 0
2.79600 0.02884 0
2.79700 0.02879 0
2.79800 0.02874 0
2.79900 0.02868 0
2.80000 0.02863 0
2.80100 0.02858 0
2.80200 0.02853 0
2.80300 0.02847 0
2.80400 0.02842 0
2.80500 0.02837 0
2.80600 0.02832 0
2.80700 0.02827 0
2.80800 0.02821 0
2.80900 0.02816 0
2.81000 0.02811 0
2.81100 0.02806 0
2.81200 0.02801 0
2.81300 0.02796 0
2.81400 0.02791 0
2.81500 0.02786 0
2.81600 0.02781 0
2.81700 0.02776 0
2.81800 0.02771 0
2.81900 0.02766 0
2.82000 0.02761 0
2.82100 0.02756 0
2.82200 0.02751 0
2.82300 0.02746 0
2.82400 0.02741 0
2.82500 0.02736 0
2.82600 0.02731 0
2.82700 0.02726 0
2.82800 0.02721 0
2.82900 0.02716 0
2.83000 0.02711 0
2.83100 0.02706 0
2.83200 0.02701 0
2.83300 0.02696 0
2.83400 0.02692 0
2.83500 0.02687 0
2.83600 0.02682 0
2.83700 0.02677 0
2.83800 0.02672 0
2.83900 0.02667 0
2.84000 0.02663 0
2.84100 0.02658 0
2.84200 0.02653 0
2.84300 0.02648 0
2.84400 0.02644 0
2.84500 0.02639 0
2.84600 0.02634 0
2.84700 0.02629 0
2.84800 0.02625 0
2.84900 0.02620 0
2.85000 0.02615 0
2.85100 0.02611 0
2.85200 0.02606 0
2.85300 0.02601 0
2.85400 0.02597 0
2.85500 0.02592 0
2.85600 0.02587 0
2.85700 0.02583 0
2.85800 0.02578 0
2.85900 0.02574 0
2.86000 0.02569 0
2.86100 0.02565 0
2.86200 0.02560 0
2.86300 0.02555 0
2.86400 0.02551 0
2.86500 0.02546 0
2.86600 0.02542 0
2.86700 0.02537 0
2.86800 0.02533 0
2.86900 0.02528 0
2.87000 0.02524 0
2.87100 0.02520 0
2.87200 0.02515 0
2.87300 0.02511 0
2.87400 0.02506 0
2.87500 0.02502 0
2.87600 0.02497 0
2.87700 0.02493 0
2.87800 0.02489 0
2.87900 0.02484 0
2.88000 0.02480 0
2.88100 0.02475 0
2.88200 0.02471 0
2.88300 0.02467 0
2.88400 0.02462 0
2.88500 0.02458 0
2.88600 0.02454 0
2.88700 0.02449 0
2.88800 0.02445 0
2.88900 0.02441 0
2.89000 0.02437 0
2.89100 0.02432 0
2.89200 0.02428 0
2.89300 0.02424 0
2.89400 0.02420 0
2.89500 0.02415 0
2.89600 0.02411 0
2.89700 0.02407 0
2.89800 0.02403 0
2.89900 0.02399 0
2.90000 0.02394 0
2.90100 0.02390 0
2.90200 0.02386 0
2.90300 0.02382 0
2.90400 0.02378 0
2.90500 0.02374 0
2.90600 0.02370 0
2.90700 0.02365 0
2.90800 0.02361 0
2.90900 0.02357 0
2.91000 0.02353 0
2.91100 0.02349 0
2.91200 0.02345 0
2.91300 0.02341 0
2.91400 0.02337 0
2.91500 0.02333 0
2.91600 0.02329 0
2.91700 0.02325 0
2.91800 0.02321 0
2.91900 0.02317 0
2.92000 0.02313 0
2.92100 0.02309 0
2.92200 0.02305 0
2.92300 0.02301 0
2.92400 0.02297 0
2.92500 0.02293 0
2.92600 0.02289 0
2.92700 0.02285 0
2.92800 0.02281 0
2.92900 0.02277 0
2.93000 0.02273 0
2.93100 0.02269 0
2.93200 0.02265 0
2.93300 0.02262 0
2.93400 0.02258 0
2.93500 0.02254 0
2.93600 0.02250 0
2.93700 0.02246 0
2.93800 0.02242 0
2.93900 0.02238 0
2.94000 0.02235 0
2.94100 0.02231 0
2.94200 0.02227 0
2.94300 0.02223 0
2.94400 0.02219 0
2.94500 0.02216 0
2.94600 0.02212 0
2.94700 0.02208 0
2.94800 0.02204 0
2.94900 0.02201 0
2.95000 0.02197 0
2.95100 0.02193 0
2.95200 0.02189 0
2.95300 0.02186 0
2.95400 0.02182 0
2.95500 0.02178 0
2.95600 0.02175 0
2.95700 0.02171 0
2.95800 0.02167 0
2.95900 0.02164 0
2.96000 0.02160 0
2.96100 0.02156 0
2.96200 0.02153 0
2.96300 0.02149 0
2.96400 0.02145 0
2.96500 0.02142 0
2.96600 0.02138 0
2.96700 0.02134 0
2.96800 0.02131 0
2.96900 0.02127 0
2.97000 0.02124 0
2.97100 0.02120 0
2.97200 0.02117 0
2.97300 0.02113 0
2.97400 0.02109 0
2.97500 0.02106 0
2.97600 0.02102 0
2.97700 0.02099 0
2.97800 0.02095 0
2.97900 0.02092 0
2.98000 0.02088 0
2.98100 0.02085 0
2.98200 0.02081 0
2.98300 0.02078 0
2.98400 0.02074 0
2.98500 0.02071 0
2.98600 0.02067 0
2.98700 0.02064 0
2.98800 0.02061 0
2.98900 0.02057 0
2.99000 0.02054 0
2.99100 0.02050 0
2.99200 0.02047 0
2.99300 0.02043 0
2.99400 0.02040 0
2.99500 0.02037 0
2.99600 0.02033 0
2.99700 0.02030 0
2.99800 0.02026 0
2.99900 0.02023 0
3.00000 0.02020 0
3.00100 0.02016 0
3.00200 0.02013 0
3.00300 0.02010 0
3.00400 0.02006 0
3.00500 0.02003 0
3.00600 0.02000 0
3.00700 0.01996 0
3.00800 0.01993 0
3.00900 0.01990 0
3.01000 0.01987 0
3.01100 0.01983 0
3.01200 0.01980 0
3.01300 0.01977 0
3.01400 0.01973 0
3.01500 0.01970 0
3.01600 0.01967 0
3.01700 0.01964 0
3.01800 0.01960 0
3.01900 0.01957 0
3.02000 0.01954 0
3.02100 0.01951 0
3.02200 0.01948 0
3.02300 0.01944 0
3.02400 0.01941 0
3.02500 0.01938 0
3.02600 0.01935 0
3.02700 0.01932 0
3.02800 0.01929 0
3.02900 0.01925 0
3.03000 0.01922 0
3.03100 0.01919 0
3.03200 0.01916 0
3.03300 0.01913 0
3.03400 0.01910 0
3.03500 0.01907 0
3.03600 0.01903 0
3.03700 0.01900 0
3.03800 0.01897 0
3.03900 0.01894 0
3.04000 0.01891 0
3.04100 0.01888 0
3.04200 0.01885 0
3.04300 0.01882 0
3.04400 0.01879 0
3.04500 0.01876 0
3.04600 0.01873 0
3.04700 0.01870 0
3.04800 0.01867 0
3.04900 0.01864 0
3.05000 0.01861 0
3.05100 0.01858 0
3.05200 0.01855 0
3.05300 0.01852 0
3.05400 0.01849 0
3.05500 0.01846 0
3.05600 0.01843 0
3.05700 0.01840 0
3.05800 0.01837 0
3.05900 0.01834 0
3.06000 0.01831 0
3.06100 0.01828 0
3.06200 0.01825 0
3.06300 0.01822 0
3.06400 0.01819 0
3.06500 0.01816 0
3.06600 0.01813 0
3.06700 0.01810 0
3.06800 0.01807 0
3.06900 0.01804 0
3.07000 0.01801 0
3.07100 0.01799 0
3.07200 0.01796 0
3.07300 0.01793 0
3.07400 0.01790 0
3.07500 0.01787 0
3.07600 0.01784 0
3.07700 0.01781 0
3.07800 0.01778 0
3.07900 0.01776 0
3.08000 0.01773 0
3.08100 0.01770 0
3.08200 0.01767 0
3.08300 0.01764 0
3.08400 0.01761 0
3.08500 0.01759 0
3.08600 0.01756 0
3.08700 0.01753 0
3.08800 0.01750 0
3.08900 0.01747 0
3.09000 0.01745 0
3.09100 0.01742 0
3.09200 0.01739 0
3.09300 0.01736 0
3.09400 0.01734 0
3.09500 0.01731 0
3.09600 0.01728 0
3.09700 0.01725 0
3.09800 0.01723 0
3.09900 0.01720 0
